    15    895     85


 1

     1    202    -1.4466357644   0.235360766745     210.6479  AAAAA
     2      4    -5.2836975973   0.005073635804       4.5409  AAAAC
     3     15    -4.3052730143   0.013497200111      12.0800  AAAAG
     4      1    -5.8859320896   0.002778255435       2.4865  AAAAT
     5      4    -5.5723044172   0.003801709606       3.4025  AAACA
     6      2    -7.4876667681   0.000559947926       0.5012  AAACC
     7      1    -6.8901556827   0.001017755382       0.9109  AAACG
     8     13    -4.4770686358   0.011366684258      10.1732  AAAGA
     9      3    -5.9657751656   0.002565055494       2.2957  AAAGG
    10      4    -6.2367350998   0.001956232010       1.7508  AAATA
    11      2    -7.1408392366   0.000792087069       0.7089  AACAA
    12      9    -5.4595150150   0.004255619156       3.8088  AAGAA
    13      2    -6.5642792747   0.001409839692       1.2618  AAGAG
    14      1   -11.0472778193   0.000015930456       0.0143  ACATC
    15      4    -5.6326662240   0.003579020126       3.2032  AGAAA
    16      1    -7.5047873987   0.000550442863       0.4926  AGAAC
    17      1    -7.9352944139   0.000357886588       0.3203  AGAAT
    18      1    -7.8041709331   0.000408029561       0.3652  AGACA
    19      1    -6.6454524061   0.001299920193       1.1634  AGGAA
    20      1    -8.4729664122   0.000209043872       0.1871  ATAAA
    21      1   -10.6586977239   0.000023495592       0.0210  ATAAT
    22      1    -9.8110901024   0.000054840033       0.0491  CAAAT
    23      3   -10.1249547705   0.000040067110       0.0359  CCAAA
    24      1    -8.1943071843   0.000276221581       0.2472  CCACT
    25      2    -7.8874241082   0.000375435411       0.3360  CCCAA
    26      5    -5.9790093090   0.002531332819       2.2655  CCCAC
    27      5    -5.6842532030   0.003399070718       3.0422  CCCCA
    28    184    -1.5004490923   0.223029976619     199.6118  CCCCC
    29      4    -7.3075061233   0.000670487081       0.6001  CCCCG
    30     24    -3.8865737078   0.020515517915      18.3614  CCCCT
    31     14    -4.0941298225   0.016670246046      14.9199  CCCTC
    32      3    -4.9159906832   0.007328454118       6.5590  CCCTT
    33      1    -8.8179450034   0.000148052295       0.1325  CCTAA
    34      2    -7.0887264133   0.000834459446       0.7468  CCTCA
    35      8    -5.2068877359   0.005478698337       4.9034  CCTCC
    36      3    -5.6482195445   0.003523785135       3.1538  CCTCT
    37      1   -10.1738729780   0.000038154266       0.0341  CCTGA
    38      1   -11.4454480397   0.000010698061       0.0096  CCTGG
    39      4    -5.8269216530   0.002947135336       2.6377  CCTTC
    40      1    -6.1170639722   0.002204920176       1.9734  CCTTT
    41      3    -7.2417411926   0.000716063869       0.6409  CTCCA
    42     11    -5.3886079759   0.004568328135       4.0887  CTCCC
    43      2    -5.9360591566   0.002642422533       2.3650  CTCCT
    44      1    -7.5442563201   0.000529140630       0.4736  CTCTA
    45      2    -5.9814102995   0.002525262404       2.2601  CTCTC
    46      1    -6.2987630281   0.001838577640       1.6455  CTCTT
    47      8    -6.0547935222   0.002346586589       2.1002  CTTCC
    48      1    -5.9302408448   0.002657841784       2.3788  CTTTT
    49      7    -5.7424804888   0.003206803960       2.8701  GAAAA
    50      1    -7.5903042970   0.000505327261       0.4523  GAAAC
    51      1    -8.0194672200   0.000328995258       0.2945  GAAAT
    52      1    -8.9632603955   0.000128028150       0.1146  GAACG
    53      1    -6.9590438940   0.000950004445       0.8503  GAAGA
    54      2    -6.5015603557   0.001501095122       1.3435  GAGAA
    55      1    -9.1651310158   0.000104624688       0.0936  GAGGC
    56      3    -6.2067798967   0.002015717844       1.8041  GGAAA
    57      5    -5.4208623747   0.004423330434       3.9589  GGGAA
    58      2    -5.2232050478   0.005390026122       4.8241  GGGAG
    59      1    -8.5155060887   0.000200337705       0.1793  GGGCG
    60     71    -2.7156584544   0.066161374415      59.2144  GGGGG
    61      1   -10.0361087082   0.000043789841       0.0392  TAAGA
    62      8    -5.5159075565   0.004022275240       3.5999  TCCCC
    63      4    -6.0275274973   0.002411448928       2.1582  TCCCT
    64      1    -7.6178974357   0.000491574312       0.4400  TCCTA
    65      1    -6.0598880949   0.002334662133       2.0895  TCCTC
    66      1    -6.3559299792   0.001736419613       1.5541  TCCTT
    67      1    -7.8239601243   0.000400034356       0.3580  TCTAC
    68      1    -7.5391293566   0.000531860481       0.4760  TCTCA
    69      2    -5.9676402548   0.002560275895       2.2914  TCTCC
    70      1    -5.9988104168   0.002481702613       2.2211  TCTTC
    71      3    -5.7704741821   0.003118278532       2.7909  TCTTT
    72      1    -9.1323237047   0.000108114068       0.0968  TTCAA
    73      3    -5.7543819258   0.003168864599       2.8361  TTCCC
    74      3    -5.8895037186   0.002768350237       2.4777  TTCCT
    75      3    -5.6805733912   0.003411601700       3.0534  TTCTC
    76      3    -5.5730196012   0.003798991656       3.4001  TTCTT
    77      1    -8.7378823049   0.000160393192       0.1436  TTTAA
    78      2    -7.0150375783   0.000898272056       0.8040  TTTAT
    79      1    -6.8042365415   0.001109066574       0.9926  TTTCA
    80     12    -4.7916807781   0.008298497720       7.4272  TTTCC
    81     10    -4.2838226238   0.013789847806      12.3419  TTTCT
    82      1    -6.6430549359   0.001303040452       1.1662  TTTTA
    83      9    -4.0433828760   0.017538042927      15.6965  TTTTC
    84      1    -8.2882182435   0.000251462108       0.2251  TTTTG
    85    156    -1.8099683409   0.163659318031     146.4751  TTTTT

 2

     1    202    -1.4470193396   0.235270505495     210.5671  AAAAA
     2      4    -5.2691343029   0.005148065310       4.6075  AAAAC
     3     15    -4.3045968955   0.013506328906      12.0882  AAAAG
     4      1    -5.8882731146   0.002771759077       2.4807  AAAAT
     5      4    -5.5684429435   0.003816418188       3.4157  AAACA
     6      2    -7.4813398938   0.000563501877       0.5043  AAACC
     7      1    -6.8906519969   0.001017250381       0.9104  AAACG
     8     13    -4.4828558242   0.011301093092      10.1145  AAAGA
     9      3    -5.9707063541   0.002552437857       2.2844  AAAGG
    10      4    -6.2560282078   0.001918851963       1.7174  AAATA
    11      2    -6.9716563886   0.000938097764       0.8396  AACAA
    12      9    -5.4345176452   0.004363339191       3.9052  AAGAA
    13      2    -6.7223909438   0.001203656895       1.0773  AAGAG
    14      1   -10.8544657750   0.000019318144       0.0173  ACATC
    15      4    -5.6349776004   0.003570757216       3.1958  AGAAA
    16      1    -7.5104679905   0.000547324886       0.4899  AGAAC
    17      1    -7.9524372941   0.000351803670       0.3149  AGAAT
    18      1    -7.8016505252   0.000409059259       0.3661  AGACA
    19      1    -6.6298811956   0.001320319937       1.1817  AGGAA
    20      1    -8.5511115942   0.000193330075       0.1730  ATAAA
    21      1   -10.3044730460   0.000033482989       0.0300  ATAAT
    22      1    -9.7638091405   0.000057495197       0.0515  CAAAT
    23      3   -10.4891088692   0.000027837992       0.0249  CCAAA
    24      1    -8.0342433725   0.000324169713       0.2901  CCACT
    25      2    -7.8791921288   0.000378538744       0.3388  CCCAA
    26      5    -5.9728205266   0.002547047264       2.2796  CCCAC
    27      5    -5.6666102008   0.003459572679       3.0963  CCCCA
    28    184    -1.5007323273   0.222966815657     199.5553  CCCCC
    29      4    -7.3046437046   0.000672409045       0.6018  CCCCG
    30     24    -3.8856169647   0.020535155386      18.3790  CCCCT
    31     14    -4.1008595136   0.016558437082      14.8198  CCCTC
    32      3    -4.9225059935   0.007280862172       6.5164  CCCTT
    33      1    -8.8116819736   0.000148982461       0.1333  CCTAA
    34      2    -7.0699473582   0.000850277868       0.7610  CCTCA
    35      8    -5.1671378188   0.005700862392       5.1023  CCTCC
    36      3    -5.7590358633   0.003154151166       2.8230  CCTCT
    37      1   -10.1786978029   0.000037970622       0.0340  CCTGA
    38      1   -11.4492315901   0.000010657661       0.0095  CCTGG
    39      4    -5.8240360308   0.002955651937       2.6453  CCTTC
    40      1    -6.1623184405   0.002107361811       1.8861  CCTTT
    41      3    -7.2449305809   0.000713783701       0.6388  CTCCA
    42     11    -5.3966542986   0.004531717381       4.0559  CTCCC
    43      2    -5.8936026060   0.002757026305       2.4675  CTCCT
    44      1    -7.5487953316   0.000526744297       0.4714  CTCTA
    45      2    -5.9864804065   0.002512491455       2.2487  CTCTC
    46      1    -6.2772708969   0.001878520280       1.6813  CTCTT
    47      8    -6.0446909383   0.002370413330       2.1215  CTTCC
    48      1    -5.9071038220   0.002720053249       2.4344  CTTTT
    49      7    -5.7286314588   0.003251524035       2.9101  GAAAA
    50      1    -7.5824419663   0.000509315971       0.4558  GAAAC
    51      1    -8.0220499101   0.000328146662       0.2937  GAAAT
    52      1    -8.9565254087   0.000128893328       0.1154  GAACG
    53      1    -6.9539091909   0.000954894981       0.8546  GAAGA
    54      2    -6.4851112187   0.001525991038       1.3658  GAGAA
    55      1    -9.1210754949   0.000109337023       0.0979  GAGGC
    56      3    -6.2440295545   0.001942014283       1.7381  GGAAA
    57      5    -5.4247574495   0.004406134742       3.9435  GGGAA
    58      2    -5.2282740136   0.005362773393       4.7997  GGGAG
    59      1    -8.5278025991   0.000197889335       0.1771  GGGCG
    60     71    -2.7156890042   0.066159353230      59.2126  GGGGG
    61      1   -10.0296190379   0.000044074947       0.0394  TAAGA
    62      8    -5.5011599856   0.004082033591       3.6534  TCCCC
    63      4    -6.0165385321   0.002438094391       2.1821  TCCCT
    64      1    -7.6128038150   0.000494084593       0.4422  TCCTA
    65      1    -6.0560105444   0.002343732478       2.0976  TCCTC
    66      1    -6.3442532406   0.001756814170       1.5723  TCCTT
    67      1    -7.8285441009   0.000398204804       0.3564  TCTAC
    68      1    -7.5211619770   0.000541502986       0.4846  TCTCA
    69      2    -5.9525113604   0.002599304524       2.3264  TCTCC
    70      1    -5.9559926705   0.002590271272       2.3183  TCTTC
    71      3    -5.7813559224   0.003084530188       2.7607  TCTTT
    72      1    -9.1776766337   0.000103320305       0.0925  TTCAA
    73      3    -5.7915006292   0.003053396720       2.7328  TTCCC
    74      3    -5.8727340071   0.002815166119       2.5196  TTCCT
    75      3    -5.7800848805   0.003088453248       2.7642  TTCTC
    76      3    -5.5047816913   0.004067276406       3.6402  TTCTT
    77      1    -8.7520423529   0.000158138021       0.1415  TTTAA
    78      2    -7.0302774307   0.000884686307       0.7918  TTTAT
    79      1    -6.8079867024   0.001104915185       0.9889  TTTCA
    80     12    -4.7962098457   0.008260998246       7.3936  TTTCC
    81     10    -4.2880413768   0.013731794387      12.2900  TTTCT
    82      1    -6.6443274579   0.001301383359       1.1647  TTTTA
    83      9    -4.0391036693   0.017613252642      15.7639  TTTTC
    84      1    -8.2950829496   0.000249741806       0.2235  TTTTG
    85    156    -1.8095594240   0.163726254775     146.5350  TTTTT

 3

     1    202    -1.4471542142   0.235238775614     210.5387  AAAAA
     2      4    -5.2616159543   0.005186916123       4.6423  AAAAC
     3     15    -4.3053536889   0.013496111273      12.0790  AAAAG
     4      1    -5.8833885700   0.002785330977       2.4929  AAAAT
     5      4    -5.5671397240   0.003821395060       3.4201  AAACA
     6      2    -7.4725273966   0.000568489681       0.5088  AAACC
     7      1    -6.8898935435   0.001018022210       0.9111  AAACG
     8     13    -4.4873521848   0.011250393369      10.0691  AAAGA
     9      3    -5.9742339288   0.002543449804       2.2764  AAAGG
    10      4    -6.2595294623   0.001912145321       1.7114  AAATA
    11      2    -6.9670019848   0.000942474227       0.8435  AACAA
    12      9    -5.4383112365   0.004346817823       3.8904  AAGAA
    13      2    -6.7248641189   0.001200683719       1.0746  AAGAG
    14      1   -10.9463935407   0.000017621452       0.0158  ACATC
    15      4    -5.6239993765   0.003610173754       3.2311  AGAAA
    16      1    -7.4939107512   0.000556462513       0.4980  AGAAC
    17      1    -7.9358484695   0.000357688354       0.3201  AGAAT
    18      1    -7.8007605946   0.000409423455       0.3664  AGACA
    19      1    -6.6306990067   0.001319240606       1.1807  AGGAA
    20      1    -8.4763854471   0.000208330365       0.1865  ATAAA
    21      1   -10.6459445051   0.000023797155       0.0213  ATAAT
    22      1    -9.7456741565   0.000058547384       0.0524  CAAAT
    23      3   -10.4497257934   0.000028956212       0.0259  CCAAA
    24      1    -8.0300781904   0.000325522755       0.2913  CCACT
    25      2    -7.8712498709   0.000381557167       0.3415  CCCAA
    26      5    -5.9718857488   0.002549429300       2.2817  CCCAC
    27      5    -5.6592646669   0.003485078650       3.1191  CCCCA
    28    184    -1.5009854972   0.222910374328     199.5048  CCCCC
    29      4    -7.2995448436   0.000675846321       0.6049  CCCCG
    30     24    -3.8849593583   0.020548663877      18.3911  CCCCT
    31     14    -4.1046542424   0.016495721373      14.7637  CCCTC
    32      3    -4.9248786228   0.007263607863       6.5009  CCCTT
    33      1    -8.8053950319   0.000149922055       0.1342  CCTAA
    34      2    -7.0657100843   0.000853888372       0.7642  CCTCA
    35      8    -5.1692258761   0.005688971084       5.0916  CCTCC
    36      3    -5.7599528543   0.003151260163       2.8204  CCTCT
    37      1   -10.1746567504   0.000038124374       0.0341  CCTGA
    38      1   -11.4453443171   0.000010699171       0.0096  CCTGG
    39      4    -5.8275427742   0.002945305376       2.6360  CCTTC
    40      1    -6.1624967502   0.002106986081       1.8858  CCTTT
    41      3    -7.2281835913   0.000725838085       0.6496  CTCCA
    42     11    -5.3775223849   0.004619252494       4.1342  CTCCC
    43      2    -5.9265586347   0.002667646557       2.3875  CTCCT
    44      1    -7.5343040827   0.000534433055       0.4783  CTCTA
    45      2    -5.9810002250   0.002526298161       2.2610  CTCTC
    46      1    -6.2872453367   0.001859876230       1.6646  CTCTT
    47      8    -6.0428451826   0.002374792574       2.1254  CTTCC
    48      1    -5.9052926013   0.002724984330       2.4389  CTTTT
    49      7    -5.7296887362   0.003248088089       2.9070  GAAAA
    50      1    -7.5803772213   0.000510368665       0.4568  GAAAC
    51      1    -8.0217696970   0.000328238626       0.2938  GAAAT
    52      1    -8.9546302997   0.000129137827       0.1156  GAACG
    53      1    -6.9577664255   0.000951218822       0.8513  GAAGA
    54      2    -6.4927960920   0.001514308936       1.3553  GAGAA
    55      1    -9.1355277938   0.000107768215       0.0965  GAGGC
    56      3    -6.2486540472   0.001933054186       1.7301  GGAAA
    57      5    -5.4276300780   0.004393495717       3.9322  GGGAA
    58      2    -5.2327440857   0.005338854908       4.7783  GGGAG
    59      1    -8.5295978690   0.000197534389       0.1768  GGGCG
    60     71    -2.7152864474   0.066185991485      59.2365  GGGGG
    61      1   -10.0302025162   0.000044049237       0.0394  TAAGA
    62      8    -5.5000654191   0.004086504094       3.6574  TCCCC
    63      4    -6.0141015663   0.002444043189       2.1874  TCCCT
    64      1    -7.6087229868   0.000496104987       0.4440  TCCTA
    65      1    -6.0573877388   0.002340506924       2.0948  TCCTC
    66      1    -6.3400977519   0.001764129781       1.5789  TCCTT
    67      1    -7.8284385297   0.000398246846       0.3564  TCTAC
    68      1    -7.5228794148   0.000540573787       0.4838  TCTCA
    69      2    -5.9593445912   0.002581603423       2.3105  TCTCC
    70      1    -5.9853023031   0.002515453174       2.2513  TCTTC
    71      3    -5.7516123114   0.003177653297       2.8440  TCTTT
    72      1    -9.1706322145   0.000104050707       0.0931  TTCAA
    73      3    -5.7931402674   0.003048394357       2.7283  TTCCC
    74      3    -5.8764919282   0.002804606800       2.5101  TTCCT
    75      3    -5.7808339843   0.003086140542       2.7621  TTCTC
    76      3    -5.5062529908   0.004061296624       3.6349  TTCTT
    77      1    -8.7479796109   0.000158781802       0.1421  TTTAA
    78      2    -7.0342423208   0.000881185568       0.7887  TTTAT
    79      1    -6.8048313082   0.001108407135       0.9920  TTTCA
    80     12    -4.7981696806   0.008244823908       7.3791  TTTCC
    81     10    -4.2914978428   0.013684412839      12.2475  TTTCT
    82      1    -6.6404588207   0.001306427690       1.1693  TTTTA
    83      9    -4.0374797774   0.017641877896      15.7895  TTTTC
    84      1    -8.2914298047   0.000250655818       0.2243  TTTTG
    85    156    -1.8096089165   0.163718151751     146.5277  TTTTT

 4

     1    202    -1.4469596815   0.235284541707     210.5797  AAAAA
     2      4    -5.2780063444   0.005102593473       4.5668  AAAAC
     3     15    -4.2918690133   0.013679334532      12.2430  AAAAG
     4      1    -5.8700820365   0.002822641765       2.5263  AAAAT
     5      4    -5.6041925285   0.003682392771       3.2957  AAACA
     6      2    -7.5031537735   0.000551342815       0.4935  AAACC
     7      1    -6.9143380327   0.000993438865       0.8891  AAACG
     8     13    -4.4807531811   0.011324880256      10.1358  AAAGA
     9      3    -5.9592807980   0.002581768117       2.3107  AAAGG
    10      4    -6.2657292728   0.001900327056       1.7008  AAATA
    11      2    -7.1747390775   0.000765685477       0.6853  AACAA
    12      9    -5.4571973148   0.004265493844       3.8176  AAGAA
    13      2    -6.7147160397   0.001212930387       1.0856  AAGAG
    14      1   -11.1144077864   0.000014896150       0.0133  ACATC
    15      4    -5.6249876932   0.003606607521       3.2279  AGAAA
    16      1    -7.4869086859   0.000560372573       0.5015  AGAAC
    17      1    -7.9116280812   0.000366457472       0.3280  AGAAT
    18      1    -7.8058705791   0.000407336644       0.3646  AGACA
    19      1    -6.6433728155   0.001302626308       1.1659  AGGAA
    20      1    -8.4868999970   0.000206151340       0.1845  ATAAA
    21      1   -10.6306832831   0.000024163114       0.0216  ATAAT
    22      1    -9.5504416927   0.000071169821       0.0637  CAAAT
    23      3   -10.0077071526   0.000045051371       0.0403  CCAAA
    24      1    -8.2190067569   0.000269482594       0.2412  CCACT
    25      2    -7.9018267701   0.000370066895       0.3312  CCCAA
    26      5    -6.0114128259   0.002450623429       2.1933  CCCAC
    27      5    -5.6779737385   0.003420482218       3.0613  CCCCA
    28    184    -1.4997755053   0.223180257299     199.7463  CCCCC
    29      4    -7.2779052615   0.000690630740       0.6181  CCCCG
    30     24    -3.8757081900   0.020739645062      18.5620  CCCCT
    31     14    -4.1053251386   0.016484658168      14.7538  CCCTC
    32      3    -4.9144545571   0.007339720199       6.5690  CCCTT
    33      1    -8.8290150861   0.000146422382       0.1310  CCTAA
    34      2    -7.0572461081   0.000861146335       0.7707  CCTCA
    35      8    -5.2166288028   0.005425589061       4.8559  CCTCC
    36      3    -5.7672724166   0.003128278529       2.7998  CCTCT
    37      1   -10.1878453729   0.000037624867       0.0337  CCTGA
    38      1   -11.4424852834   0.000010729804       0.0096  CCTGG
    39      4    -5.6799088349   0.003413869655       3.0554  CCTTC
    40      1    -6.0910373284   0.002263060160       2.0254  CCTTT
    41      3    -7.2333549902   0.000722094176       0.6463  CTCCA
    42     11    -5.3925549615   0.004550332547       4.0725  CTCCC
    43      2    -5.9295643524   0.002659640402       2.3804  CTCCT
    44      1    -7.5384253342   0.000532235055       0.4764  CTCTA
    45      2    -5.9913783084   0.002500215606       2.2377  CTCTC
    46      1    -6.3047296848   0.001827640141       1.6357  CTCTT
    47      8    -6.0555831942   0.002344734286       2.0985  CTTCC
    48      1    -5.9717090278   0.002549879878       2.2821  CTTTT
    49      7    -5.7493358793   0.003184895249       2.8505  GAAAA
    50      1    -7.5902992388   0.000505329817       0.4523  GAAAC
    51      1    -8.0157406688   0.000330223563       0.2956  GAAAT
    52      1    -8.9468269350   0.000130149478       0.1165  GAACG
    53      1    -6.9738892781   0.000936005432       0.8377  GAAGA
    54      2    -6.4993536274   0.001504411289       1.3464  GAGAA
    55      1    -9.1422296803   0.000107048380       0.0958  GAGGC
    56      3    -6.1738514296   0.002083197243       1.8645  GGAAA
    57      5    -5.4199819228   0.004427226679       3.9624  GGGAA
    58      2    -5.2427950641   0.005285462963       4.7305  GGGAG
    59      1    -8.5444219016   0.000194627730       0.1742  GGGCG
    60     71    -2.7176145934   0.066032080069      59.0987  GGGGG
    61      1   -10.1376696746   0.000039560885       0.0354  TAAGA
    62      8    -5.5421247493   0.003918192810       3.5068  TCCCC
    63      4    -5.9919186307   0.002498865049       2.2365  TCCCT
    64      1    -7.6274843379   0.000486884155       0.4358  TCCTA
    65      1    -6.0815983172   0.002284522342       2.0446  TCCTC
    66      1    -6.3540234024   0.001739733389       1.5571  TCCTT
    67      1    -7.8506990985   0.000389479588       0.3486  TCTAC
    68      1    -7.5257008031   0.000539050768       0.4825  TCTCA
    69      2    -5.9712340591   0.002551091278       2.2832  TCTCC
    70      1    -5.9925841461   0.002497202569       2.2350  TCTTC
    71      3    -5.7777623099   0.003095634735       2.7706  TCTTT
    72      1    -9.1216605735   0.000109273071       0.0978  TTCAA
    73      3    -5.7293609056   0.003249153086       2.9080  TTCCC
    74      3    -5.7404479141   0.003213328658       2.8759  TTCCT
    75      3    -5.8064060266   0.003008222138       2.6924  TTCTC
    76      3    -5.5880023536   0.003742496587       3.3495  TTCTT
    77      1    -8.7436782856   0.000159466245       0.1427  TTTAA
    78      2    -7.0399991362   0.000876127319       0.7841  TTTAT
    79      1    -6.7957062835   0.001118567664       1.0011  TTTCA
    80     12    -4.7912069082   0.008302431061       7.4307  TTTCC
    81     10    -4.2989055096   0.013583417799      12.1572  TTTCT
    82      1    -6.6321064225   0.001317385192       1.1791  TTTTA
    83      9    -4.0318397577   0.017741659554      15.8788  TTTTC
    84      1    -8.2606792256   0.000258483363       0.2313  TTTTG
    85    156    -1.8095354970   0.163730172306     146.5385  TTTTT

 5

     1    202    -1.4472040726   0.235227047278     210.5282  AAAAA
     2      4    -5.2637929274   0.005175636628       4.6322  AAAAC
     3     15    -4.3049922171   0.013500990618      12.0834  AAAAG
     4      1    -5.8855450919   0.002779330822       2.4875  AAAAT
     5      4    -5.5669547636   0.003822101933       3.4208  AAACA
     6      2    -7.4749798686   0.000567097184       0.5076  AAACC
     7      1    -6.8897541863   0.001018164089       0.9113  AAACG
     8     13    -4.4855998725   0.011270124855      10.0868  AAAGA
     9      3    -5.9730481401   0.002546467587       2.2791  AAAGG
    10      4    -6.2587082674   0.001913716210       1.7128  AAATA
    11      2    -6.9668723267   0.000942596434       0.8436  AACAA
    12      9    -5.4362105261   0.004355958827       3.8986  AAGAA
    13      2    -6.7237301917   0.001202045979       1.0758  AAGAG
    14      1   -10.9615606702   0.000017356202       0.0155  ACATC
    15      4    -5.6229673455   0.003613901488       3.2344  AGAAA
    16      1    -7.4938105665   0.000556518265       0.4981  AGAAC
    17      1    -7.9356305622   0.000357766306       0.3202  AGAAT
    18      1    -7.8001163191   0.000409687322       0.3667  AGACA
    19      1    -6.6277205367   0.001323175782       1.1842  AGGAA
    20      1    -8.4765862990   0.000208288525       0.1864  ATAAA
    21      1   -10.6502781599   0.000023694250       0.0212  ATAAT
    22      1    -9.6157426423   0.000066670856       0.0597  CAAAT
    23      3   -10.4659926567   0.000028488996       0.0255  CCAAA
    24      1    -8.0299600978   0.000325561199       0.2914  CCACT
    25      2    -7.8731460364   0.000380834357       0.3408  CCCAA
    26      5    -5.9713308730   0.002550844309       2.2830  CCCAC
    27      5    -5.6611169355   0.003478629323       3.1134  CCCCA
    28    184    -1.5009484792   0.222918626155     199.5122  CCCCC
    29      4    -7.2995311481   0.000675855577       0.6049  CCCCG
    30     24    -3.8853300591   0.020541047882      18.3842  CCCCT
    31     14    -4.1033671839   0.016516966001      14.7827  CCCTC
    32      3    -4.9243339261   0.007267565404       6.5045  CCCTT
    33      1    -8.8067951571   0.000149712292       0.1340  CCTAA
    34      2    -7.0666561331   0.000853080934       0.7635  CCTCA
    35      8    -5.1681058576   0.005695346406       5.0973  CCTCC
    36      3    -5.7597354917   0.003151945204       2.8210  CCTCT
    37      1   -10.1747316000   0.000038121520       0.0341  CCTGA
    38      1   -11.4449944166   0.000010702915       0.0096  CCTGG
    39      4    -5.8261946035   0.002949278828       2.6396  CCTTC
    40      1    -6.1628512107   0.002106239370       1.8851  CCTTT
    41      3    -7.2296762226   0.000724755485       0.6487  CTCCA
    42     11    -5.3776451751   0.004618685329       4.1337  CTCCC
    43      2    -5.9275867405   0.002664905343       2.3851  CTCCT
    44      1    -7.5355335645   0.000533776383       0.4777  CTCTA
    45      2    -5.9804542626   0.002527677802       2.2623  CTCTC
    46      1    -6.2890046089   0.001856607078       1.6617  CTCTT
    47      8    -6.0403466402   0.002380733513       2.1308  CTTCC
    48      1    -5.9204737178   0.002683928451       2.4021  CTTTT
    49      7    -5.7352189446   0.003230175062       2.8910  GAAAA
    50      1    -7.5874636744   0.000506764746       0.4536  GAAAC
    51      1    -8.0295588998   0.000325691840       0.2915  GAAAT
    52      1    -8.9485872280   0.000129920579       0.1163  GAACG
    53      1    -6.9584174195   0.000950599785       0.8508  GAAGA
    54      2    -6.4922051417   0.001515204082       1.3561  GAGAA
    55      1    -9.1385062671   0.000107447708       0.0962  GAGGC
    56      3    -6.2467144907   0.001936807092       1.7334  GGAAA
    57      5    -5.4268201705   0.004397055483       3.9354  GGGAA
    58      2    -5.2310256069   0.005348037505       4.7865  GGGAG
    59      1    -8.5261100433   0.000198224557       0.1774  GGGCG
    60     71    -2.7156211573   0.066163842090      59.2166  GGGGG
    61      1   -10.0711745508   0.000042280924       0.0378  TAAGA
    62      8    -5.5100522369   0.004045896033       3.6211  TCCCC
    63      4    -5.9987421832   0.002481871955       2.2213  TCCCT
    64      1    -7.6154020941   0.000492802489       0.4411  TCCTA
    65      1    -6.0607977930   0.002332539262       2.0876  TCCTC
    66      1    -6.3360483725   0.001771287895       1.5853  TCCTT
    67      1    -7.8288692009   0.000398075369       0.3563  TCTAC
    68      1    -7.5268700357   0.000538420860       0.4819  TCTCA
    69      2    -5.9601133171   0.002579619640       2.3088  TCTCC
    70      1    -5.9859628911   0.002513792045       2.2498  TCTTC
    71      3    -5.7515006534   0.003178008128       2.8443  TCTTT
    72      1    -9.1736028820   0.000103742065       0.0928  TTCAA
    73      3    -5.7926520649   0.003049882954       2.7296  TTCCC
    74      3    -5.8746914416   0.002809661005       2.5146  TTCCT
    75      3    -5.7802765357   0.003087861386       2.7636  TTCTC
    76      3    -5.5048492911   0.004067001468       3.6400  TTCTT
    77      1    -8.7495232517   0.000158536889       0.1419  TTTAA
    78      2    -7.0328049540   0.000882453066       0.7898  TTTAT
    79      1    -6.8060664134   0.001107038980       0.9908  TTTCA
    80     12    -4.7976287615   0.008249284897       7.3831  TTTCC
    81     10    -4.2901155601   0.013703341646      12.2645  TTTCT
    82      1    -6.6418963635   0.001304550994       1.1676  TTTTA
    83      9    -4.0380297446   0.017632178109      15.7808  TTTTC
    84      1    -8.2919969976   0.000250513688       0.2242  TTTTG
    85    156    -1.8096025496   0.163719194127     146.5287  TTTTT

 6

     1    202    -1.4472038872   0.235227090903     210.5282  AAAAA
     2      4    -5.2637917299   0.005175642826       4.6322  AAAAC
     3     15    -4.3049902371   0.013501017350      12.0834  AAAAG
     4      1    -5.8855528136   0.002779309361       2.4875  AAAAT
     5      4    -5.5669501647   0.003822119510       3.4208  AAACA
     6      2    -7.4749930169   0.000567089728       0.5075  AAACC
     7      1    -6.8897555770   0.001018162673       0.9113  AAACG
     8     13    -4.4855970993   0.011270156109      10.0868  AAAGA
     9      3    -5.9730477048   0.002546468696       2.2791  AAAGG
    10      4    -6.2587135082   0.001913706181       1.7128  AAATA
    11      2    -6.9668567075   0.000942611157       0.8436  AACAA
    12      9    -5.4362077882   0.004355970752       3.8986  AAGAA
    13      2    -6.7237336762   0.001202041790       1.0758  AAGAG
    14      1   -10.9617394837   0.000017353098       0.0155  ACATC
    15      4    -5.6229612002   0.003613923697       3.2345  AGAAA
    16      1    -7.4938301983   0.000556507340       0.4981  AGAAC
    17      1    -7.9356584055   0.000357756344       0.3202  AGAAT
    18      1    -7.8001228138   0.000409684661       0.3667  AGACA
    19      1    -6.6276731470   0.001323238488       1.1843  AGGAA
    20      1    -8.4765389166   0.000208298395       0.1864  ATAAA
    21      1   -10.6502580465   0.000023694726       0.0212  ATAAT
    22      1    -9.6158106651   0.000066666321       0.0597  CAAAT
    23      3   -10.4659932310   0.000028488979       0.0255  CCAAA
    24      1    -8.0299496586   0.000325564598       0.2914  CCACT
    25      2    -7.8731540061   0.000380831322       0.3408  CCCAA
    26      5    -5.9713225085   0.002550865646       2.2830  CCCAC
    27      5    -5.6611117198   0.003478647467       3.1134  CCCCA
    28    184    -1.5009485850   0.222918602581     199.5121  CCCCC
    29      4    -7.2995326258   0.000675854578       0.6049  CCCCG
    30     24    -3.8853283673   0.020541082633      18.3843  CCCCT
    31     14    -4.1033638696   0.016517020743      14.7827  CCCTC
    32      3    -4.9243346358   0.007267560246       6.5045  CCCTT
    33      1    -8.8068207048   0.000149708468       0.1340  CCTAA
    34      2    -7.0666696995   0.000853069361       0.7635  CCTCA
    35      8    -5.1681012796   0.005695372479       5.0974  CCTCC
    36      3    -5.7597388574   0.003151934595       2.8210  CCTCT
    37      1   -10.1747644393   0.000038120268       0.0341  CCTGA
    38      1   -11.4450329557   0.000010702503       0.0096  CCTGG
    39      4    -5.8261980887   0.002949268549       2.6396  CCTTC
    40      1    -6.1628554843   0.002106230369       1.8851  CCTTT
    41      3    -7.2296939533   0.000724742634       0.6486  CTCCA
    42     11    -5.3776336773   0.004618738435       4.1338  CTCCC
    43      2    -5.9275891393   0.002664898951       2.3851  CTCCT
    44      1    -7.5355635903   0.000533760357       0.4777  CTCTA
    45      2    -5.9804952437   0.002527574217       2.2622  CTCTC
    46      1    -6.2890273494   0.001856564858       1.6616  CTCTT
    47      8    -6.0403069604   0.002380827981       2.1308  CTTCC
    48      1    -5.9204746917   0.002683925837       2.4021  CTTTT
    49      7    -5.7352190307   0.003230174784       2.8910  GAAAA
    50      1    -7.5874802445   0.000506756349       0.4535  GAAAC
    51      1    -8.0295832383   0.000325683913       0.2915  GAAAT
    52      1    -8.9486073344   0.000129917966       0.1163  GAACG
    53      1    -6.9583897142   0.000950626122       0.8508  GAAGA
    54      2    -6.4922245928   0.001515174610       1.3561  GAGAA
    55      1    -9.1385145512   0.000107446818       0.0962  GAGGC
    56      3    -6.2467160732   0.001936804027       1.7334  GGAAA
    57      5    -5.4268177397   0.004397066171       3.9354  GGGAA
    58      2    -5.2310191292   0.005348072148       4.7865  GGGAG
    59      1    -8.5260945326   0.000198227632       0.1774  GGGCG
    60     71    -2.7156217271   0.066163804387      59.2166  GGGGG
    61      1   -10.0712045433   0.000042279656       0.0378  TAAGA
    62      8    -5.5100540873   0.004045888546       3.6211  TCCCC
    63      4    -5.9987456598   0.002481863326       2.2213  TCCCT
    64      1    -7.6154140031   0.000492796621       0.4411  TCCTA
    65      1    -6.0607830688   0.002332573607       2.0877  TCCTC
    66      1    -6.3359970470   0.001771378810       1.5854  TCCTT
    67      1    -7.8289042383   0.000398061422       0.3563  TCTAC
    68      1    -7.5268992246   0.000538405144       0.4819  TCTCA
    69      2    -5.9601329747   0.002579568932       2.3087  TCTCC
    70      1    -5.9859588934   0.002513802094       2.2499  TCTTC
    71      3    -5.7514778336   0.003178080650       2.8444  TCTTT
    72      1    -9.1736399617   0.000103738219       0.0928  TTCAA
    73      3    -5.7926555192   0.003049872419       2.7296  TTCCC
    74      3    -5.8746920272   0.002809659360       2.5146  TTCCT
    75      3    -5.7802768685   0.003087860359       2.7636  TTCTC
    76      3    -5.5048394014   0.004067041690       3.6400  TTCTT
    77      1    -8.7495434995   0.000158533679       0.1419  TTTAA
    78      2    -7.0328014243   0.000882456180       0.7898  TTTAT
    79      1    -6.8060716897   0.001107033139       0.9908  TTTCA
    80     12    -4.7976284000   0.008249287880       7.3831  TTTCC
    81     10    -4.2901101927   0.013703415198      12.2646  TTTCT
    82      1    -6.6418947339   0.001304553120       1.1676  TTTTA
    83      9    -4.0380267625   0.017632230691      15.7808  TTTTC
    84      1    -8.2920045204   0.000250511803       0.2242  TTTTG
    85    156    -1.8096025773   0.163719189593     146.5287  TTTTT

 7

     1    202    -1.4383742592   0.237313255077     212.3954  AAAAA
     2      4    -5.4443674781   0.004320572000       3.8669  AAAAC
     3     15    -4.3249234608   0.013234563021      11.8449  AAAAG
     4      1    -6.0528490300   0.002351153947       2.1043  AAAAT
     5      4    -5.8424546856   0.002901711088       2.5970  AAACA
     6      2    -6.7416145295   0.001180739279       1.0568  AAACC
     7      1    -7.2625594845   0.000701310743       0.6277  AAACG
     8     13    -4.5370120775   0.010705345557       9.5813  AAAGA
     9      3    -5.5618363058   0.003841715352       3.4383  AAAGG
    10      4    -6.5279913191   0.001461939472       1.3084  AAATA
    11      2    -7.0742535611   0.000846624271       0.7577  AACAA
    12      9    -5.4293605213   0.004385899595       3.9254  AAGAA
    13      2    -6.6852194523   0.001249240575       1.1181  AAGAG
    14      1   -10.7958501946   0.000020484333       0.0183  ACATC
    15      4    -5.5686847084   0.003815495623       3.4149  AGAAA
    16      1    -7.8513967182   0.000389207975       0.3483  AGAAC
    17      1    -8.3409651235   0.000238542009       0.2135  AGAAT
    18      1    -8.2328230595   0.000265784943       0.2379  AGACA
    19      1    -6.6682253581   0.001270651703       1.1372  AGGAA
    20      1    -8.0505511778   0.000318926089       0.2854  ATAAA
    21      1   -10.7647356021   0.000021131714       0.0189  ATAAT
    22      1   -10.1278774509   0.000039950177       0.0358  CAAAT
    23      3    -8.0726332106   0.000311960740       0.2792  CCAAA
    24      1    -8.2289168027   0.000266825198       0.2388  CCACT
    25      2    -6.8270921413   0.001084005674       0.9702  CCCAA
    26      5    -6.2260178086   0.001977310267       1.7697  CCCAC
    27      5    -5.8172053619   0.002975910127       2.6634  CCCCA
    28    184    -1.5011797194   0.222867084378     199.4660  CCCCC
    29      4    -7.4300559046   0.000593154351       0.5309  CCCCG
    30     24    -3.9067744443   0.020105247179      17.9942  CCCCT
    31     14    -4.1576581410   0.015644151451      14.0015  CCCTC
    32      3    -4.6391315171   0.009666088816       8.6511  CCCTT
    33      1    -8.2942981110   0.000249937890       0.2237  CCTAA
    34      2    -7.3829754824   0.000621748130       0.5565  CCTCA
    35      8    -5.1300883102   0.005916038004       5.2949  CCTCC
    36      3    -5.7354082149   0.003229563743       2.8905  CCTCT
    37      1    -9.5939363534   0.000068140667       0.0610  CCTGA
    38      1   -10.6521792928   0.000023649247       0.0212  CCTGG
    39      4    -5.7637583634   0.003139290803       2.8097  CCTTC
    40      1    -5.7668989156   0.003129447162       2.8009  CCTTT
    41      3    -7.5433092490   0.000529642001       0.4740  CTCCA
    42     11    -5.2632676055   0.005178356218       4.6346  CTCCC
    43      2    -5.9474408440   0.002612517811       2.3382  CTCCT
    44      1    -7.9331345318   0.000358660417       0.3210  CTCTA
    45      2    -6.0286531452   0.002408736012       2.1558  CTCTC
    46      1    -6.2850906890   0.001863887928       1.6682  CTCTT
    47      8    -6.0630508074   0.002327289933       2.0829  CTTCC
    48      1    -5.7685479122   0.003124290967       2.7962  CTTTT
    49      7    -5.7028530966   0.003336432700       2.9861  GAAAA
    50      1    -7.9551731071   0.000350842516       0.3140  GAAAC
    51      1    -8.4433171130   0.000215334675       0.1927  GAAAT
    52      1    -9.4522844822   0.000078510006       0.0703  GAACG
    53      1    -7.0492100569   0.000868094432       0.7769  GAAGA
    54      2    -6.5129425377   0.001484106253       1.3283  GAGAA
    55      1    -9.3433078251   0.000087549359       0.0784  GAGGC
    56      3    -5.9828135666   0.002521721271       2.2569  GGAAA
    57      5    -5.1992132276   0.005520906409       4.9412  GGGAA
    58      2    -5.3574862209   0.004712738012       4.2179  GGGAG
    59      1    -8.4763446097   0.000208338872       0.1865  GGGCG
    60     71    -2.7170671219   0.066068240651      59.1311  GGGGG
    61      1    -9.7802255050   0.000056559040       0.0506  TAAGA
    62      8    -5.4128794388   0.004458782917       3.9906  TCCCC
    63      4    -6.0545259401   0.002347214577       2.1008  TCCCT
    64      1    -8.0154179244   0.000330330158       0.2956  TCCTA
    65      1    -6.1204754486   0.002197410959       1.9667  TCCTC
    66      1    -6.3541197781   0.001739565729       1.5569  TCCTT
    67      1    -8.2235372987   0.000268264453       0.2401  TCTAC
    68      1    -7.8662714743   0.000383461446       0.3432  TCTCA
    69      2    -5.9645964665   0.002568080705       2.2984  TCTCC
    70      1    -5.9952783159   0.002490483736       2.2290  TCTTC
    71      3    -5.5904327838   0.003733411755       3.3414  TCTTT
    72      1    -8.5302925050   0.000197397222       0.1767  TTCAA
    73      3    -5.4935841869   0.004113075691       3.6812  TTCCC
    74      3    -5.8528212425   0.002871785715       2.5702  TTCCT
    75      3    -5.7849568839   0.003073442888       2.7507  TTCTC
    76      3    -5.4665800505   0.004225659015       3.7820  TTCTT
    77      1    -7.7623418954   0.000425459033       0.3808  TTTAA
    78      2    -7.1316870954   0.000799369636       0.7154  TTTAT
    79      1    -6.9112067607   0.000996554468       0.8919  TTTCA
    80     12    -4.5616136575   0.010445190377       9.3484  TTTCC
    81     10    -4.3725392492   0.012619156668      11.2941  TTTCT
    82      1    -6.6667375079   0.001272543650       1.1389  TTTTA
    83      9    -4.0769838206   0.016958538585      15.1779  TTTTC
    84      1    -8.4724563197   0.000209150531       0.1872  TTTTG
    85    156    -1.8148115364   0.162868600294     145.7674  TTTTT

 8

     1    202    -1.4433880315   0.236126398247     211.3331  AAAAA
     2      4    -5.3151048855   0.004916763031       4.4005  AAAAC
     3     15    -4.2911707395   0.013688889788      12.2516  AAAAG
     4      1    -5.8813943093   0.002790891195       2.4978  AAAAT
     5      4    -5.6293080597   0.003591059267       3.2140  AAACA
     6      2    -7.5981502682   0.000501377991       0.4487  AAACC
     7      1    -6.9524068816   0.000956330607       0.8559  AAACG
     8     13    -4.4741119194   0.011400342053      10.2033  AAAGA
     9      3    -5.9559285085   0.002590437474       2.3184  AAAGG
    10      4    -6.2560033496   0.001918899663       1.7174  AAATA
    11      2    -7.3045195664   0.000672492522       0.6019  AACAA
    12      9    -5.4745027714   0.004192312570       3.7521  AAGAA
    13      2    -6.6329045438   0.001316334178       1.1781  AAGAG
    14      1   -11.2718568010   0.000012726084       0.0114  ACATC
    15      4    -5.6266371035   0.003600663649       3.2226  AGAAA
    16      1    -7.5672190287   0.000517128570       0.4628  AGAAC
    17      1    -7.9866764831   0.000339962078       0.3043  AGAAT
    18      1    -7.8785120227   0.000378796278       0.3390  AGACA
    19      1    -6.6700917627   0.001268282365       1.1351  AGGAA
    20      1    -8.3809956789   0.000229181640       0.2051  ATAAA
    21      1   -10.6513329767   0.000023669270       0.0212  ATAAT
    22      1    -9.9212167317   0.000049121353       0.0440  CAAAT
    23      3    -8.2010356128   0.000274369282       0.2456  CCAAA
    24      1    -8.3729230211   0.000231039233       0.2068  CCACT
    25      2    -7.9911742852   0.000338436429       0.3029  CCCAA
    26      5    -6.0389710273   0.002384010734       2.1337  CCCAC
    27      5    -5.7176260352   0.003287506070       2.9423  CCCCA
    28    184    -1.5001334578   0.223100383671     199.6748  CCCCC
    29      4    -7.3043737962   0.000672590558       0.6020  CCCCG
    30     24    -3.8694491607   0.020869862199      18.6785  CCCCT
    31     14    -4.0900072535   0.016739112141      14.9815  CCCTC
    32      3    -4.9075170396   0.007390816673       6.6148  CCCTT
    33      1    -8.9607805712   0.000128346031       0.1149  CCTAA
    34      2    -7.1359763771   0.000795948258       0.7124  CCTCA
    35      8    -5.2295384619   0.005355996729       4.7936  CCTCC
    36      3    -5.7076539633   0.003320453320       2.9718  CCTCT
    37      1   -10.3324827724   0.000032558152       0.0291  CCTGA
    38      1   -11.6047040577   0.000009123071       0.0082  CCTGG
    39      4    -5.7250942756   0.003263045636       2.9204  CCTTC
    40      1    -5.8216629259   0.002962674338       2.6516  CCTTT
    41      3    -7.2934114315   0.000680004303       0.6086  CTCCA
    42     11    -5.3697950156   0.004655085432       4.1663  CTCCC
    43      2    -5.9318153813   0.002653660208       2.3750  CTCCT
    44      1    -7.6086259959   0.000496153107       0.4441  CTCTA
    45      2    -5.9922627354   0.002498005325       2.2357  CTCTC
    46      1    -6.3127513783   0.001813038017       1.6227  CTCTT
    47      8    -6.0692934897   0.002312806655       2.0700  CTTCC
    48      1    -5.9199716572   0.002685276284       2.4033  CTTTT
    49      7    -5.7441209196   0.003201547733       2.8654  GAAAA
    50      1    -7.6576190698   0.000472430898       0.4228  GAAAC
    51      1    -8.0756279395   0.000311027900       0.2784  GAAAT
    52      1    -9.0416304772   0.000118377667       0.1059  GAACG
    53      1    -6.9994942816   0.000912343238       0.8165  GAAGA
    54      2    -6.5181331264   0.001476422826       1.3214  GAGAA
    55      1    -9.2079782984   0.000100236487       0.0897  GAGGC
    56      3    -6.0003101636   0.002477983477       2.2178  GGAAA
    57      5    -5.4224378991   0.004416366857       3.9526  GGGAA
    58      2    -5.2304903895   0.005350900634       4.7891  GGGAG
    59      1    -8.4888002206   0.000205759979       0.1842  GGGCG
    60     71    -2.7159115344   0.066144632409      59.1994  GGGGG
    61      1    -9.9776772505   0.000046424777       0.0416  TAAGA
    62      8    -5.5043096194   0.004069196906       3.6419  TCCCC
    63      4    -6.0290093261   0.002407878220       2.1551  TCCCT
    64      1    -7.6859176750   0.000459249154       0.4110  TCCTA
    65      1    -6.0785736601   0.002291442699       2.0508  TCCTC
    66      1    -6.3761518483   0.001701658614       1.5230  TCCTT
    67      1    -7.9098928899   0.000367093898       0.3285  TCTAC
    68      1    -7.6012943467   0.000499804095       0.4473  TCTCA
    69      2    -5.9775783350   0.002534957683       2.2688  TCTCC
    70      1    -5.9948592715   0.002491527578       2.2299  TCTTC
    71      3    -5.7527484075   0.003174045228       2.8408  TCTTT
    72      1    -9.1500132036   0.000106218400       0.0951  TTCAA
    73      3    -5.5287026764   0.003971137599       3.5542  TTCCC
    74      3    -5.8201446460   0.002967175924       2.6556  TTCCT
    75      3    -5.7739046256   0.003107599780       2.7813  TTCTC
    76      3    -5.6239452352   0.003610369219       3.2313  TTCTT
    77      1    -8.8175631320   0.000148108843       0.1326  TTTAA
    78      2    -7.0183347602   0.000895315167       0.8013  TTTAT
    79      1    -6.8235604743   0.001087840790       0.9736  TTTCA
    80     12    -4.7908772664   0.008305168340       7.4331  TTTCC
    81     10    -4.2875477746   0.013738574103      12.2960  TTTCT
    82      1    -6.6282537571   0.001322470425       1.1836  TTTTA
    83      9    -4.0307990330   0.017760133351      15.8953  TTTTC
    84      1    -8.2901770329   0.000250970029       0.2246  TTTTG
    85    156    -1.8120744184   0.163315001531     146.1669  TTTTT

 9

     1    202    -1.4433885502   0.236126275771     211.3330  AAAAA
     2      4    -5.3151081451   0.004916747004       4.4005  AAAAC
     3     15    -4.2911709597   0.013688886774      12.2516  AAAAG
     4      1    -5.8814009386   0.002790872694       2.4978  AAAAT
     5      4    -5.6293097637   0.003591053147       3.2140  AAACA
     6      2    -7.5981535146   0.000501376363       0.4487  AAACC
     7      1    -6.9524083616   0.000956329192       0.8559  AAACG
     8     13    -4.4741109288   0.011400353346      10.2033  AAAGA
     9      3    -5.9559277428   0.002590439458       2.3184  AAAGG
    10      4    -6.2560088034   0.001918889197       1.7174  AAATA
    11      2    -7.3045133649   0.000672496692       0.6019  AACAA
    12      9    -5.4744976131   0.004192334195       3.7521  AAGAA
    13      2    -6.6329344838   0.001316294767       1.1781  AAGAG
    14      1   -11.2718488013   0.000012726186       0.0114  ACATC
    15      4    -5.6266235115   0.003600712590       3.2226  AGAAA
    16      1    -7.5672093598   0.000517133571       0.4628  AGAAC
    17      1    -7.9866688565   0.000339964670       0.3043  AGAAT
    18      1    -7.8784971451   0.000378801914       0.3390  AGACA
    19      1    -6.6700916182   0.001268282548       1.1351  AGGAA
    20      1    -8.3809876093   0.000229183490       0.2051  ATAAA
    21      1   -10.6513206332   0.000023669562       0.0212  ATAAT
    22      1    -9.9212166061   0.000049121359       0.0440  CAAAT
    23      3    -8.2010422516   0.000274367461       0.2456  CCAAA
    24      1    -8.3729172888   0.000231040558       0.2068  CCACT
    25      2    -7.9911769603   0.000338435524       0.3029  CCCAA
    26      5    -6.0389718620   0.002384008744       2.1337  CCCAC
    27      5    -5.7176283468   0.003287498470       2.9423  CCCCA
    28    184    -1.5001333278   0.223100412676     199.6749  CCCCC
    29      4    -7.3043777929   0.000672587870       0.6020  CCCCG
    30     24    -3.8694520452   0.020869802002      18.6785  CCCCT
    31     14    -4.0900090158   0.016739082642      14.9815  CCCTC
    32      3    -4.9075199368   0.007390795260       6.6148  CCCTT
    33      1    -8.9607821525   0.000128345828       0.1149  CCTAA
    34      2    -7.1359746475   0.000795949634       0.7124  CCTCA
    35      8    -5.2295383452   0.005355997354       4.7936  CCTCC
    36      3    -5.7076809327   0.003320363770       2.9717  CCTCT
    37      1   -10.3324847003   0.000032558089       0.0291  CCTGA
    38      1   -11.6047043559   0.000009123068       0.0082  CCTGG
    39      4    -5.7250666857   0.003263135664       2.9205  CCTTC
    40      1    -5.8216629139   0.002962674374       2.6516  CCTTT
    41      3    -7.2934071900   0.000680007188       0.6086  CTCCA
    42     11    -5.3697866138   0.004655124544       4.1663  CTCCC
    43      2    -5.9318076828   0.002653680638       2.3750  CTCCT
    44      1    -7.6086228798   0.000496154653       0.4441  CTCTA
    45      2    -5.9922579424   0.002498017298       2.2357  CTCTC
    46      1    -6.3127460872   0.001813047610       1.6227  CTCTT
    47      8    -6.0692947511   0.002312803738       2.0700  CTTCC
    48      1    -5.9199750684   0.002685267124       2.4033  CTTTT
    49      7    -5.7441161475   0.003201563011       2.8654  GAAAA
    50      1    -7.6576166272   0.000472432052       0.4228  GAAAC
    51      1    -8.0756275388   0.000311028025       0.2784  GAAAT
    52      1    -9.0416198573   0.000118378924       0.1059  GAACG
    53      1    -6.9994907649   0.000912346446       0.8166  GAAGA
    54      2    -6.5181212543   0.001476440354       1.3214  GAGAA
    55      1    -9.2079685105   0.000100237468       0.0897  GAGGC
    56      3    -6.0003073187   0.002477990527       2.2178  GGAAA
    57      5    -5.4224411509   0.004416352495       3.9526  GGGAA
    58      2    -5.2304912707   0.005350895918       4.7891  GGGAG
    59      1    -8.4888101132   0.000205757943       0.1842  GGGCG
    60     71    -2.7159124017   0.066144575045      59.1994  GGGGG
    61      1    -9.9776902557   0.000046424173       0.0415  TAAGA
    62      8    -5.5043119937   0.004069187244       3.6419  TCCCC
    63      4    -6.0290086758   0.002407879785       2.1551  TCCCT
    64      1    -7.6859214368   0.000459247427       0.4110  TCCTA
    65      1    -6.0785762505   0.002291436764       2.0508  TCCTC
    66      1    -6.3761514429   0.001701659304       1.5230  TCCTT
    67      1    -7.9098888722   0.000367095373       0.3286  TCTAC
    68      1    -7.6012894068   0.000499806564       0.4473  TCTCA
    69      2    -5.9775723348   0.002534972894       2.2688  TCTCC
    70      1    -5.9948507186   0.002491548888       2.2299  TCTTC
    71      3    -5.7527382827   0.003174077365       2.8408  TCTTT
    72      1    -9.1500143038   0.000106218283       0.0951  TTCAA
    73      3    -5.5287027216   0.003971137420       3.5542  TTCCC
    74      3    -5.8201150196   0.002967263832       2.6557  TTCCT
    75      3    -5.7739335420   0.003107509921       2.7812  TTCTC
    76      3    -5.6239442225   0.003610372875       3.2313  TTCTT
    77      1    -8.8175691210   0.000148107956       0.1326  TTTAA
    78      2    -7.0183396911   0.000895310752       0.8013  TTTAT
    79      1    -6.8235663926   0.001087834352       0.9736  TTTCA
    80     12    -4.7908805097   0.008305141404       7.4331  TTTCC
    81     10    -4.2875493130   0.013738552968      12.2960  TTTCT
    82      1    -6.6282606299   0.001322461336       1.1836  TTTTA
    83      9    -4.0308018508   0.017760083305      15.8953  TTTTC
    84      1    -8.2901827346   0.000250968598       0.2246  TTTTG
    85    156    -1.8120741108   0.163315051757     146.1670  TTTTT

10

     1    202    -1.4405975701   0.236786220021     211.9237  AAAAA
     2      4    -5.4244057032   0.004407684856       3.9449  AAAAC
     3     15    -4.3377133528   0.013066372253      11.6944  AAAAG
     4      1    -6.0868490531   0.002272558356       2.0339  AAAAT
     5      4    -5.8200007505   0.002967602918       2.6560  AAACA
     6      2    -6.6176589102   0.001336556284       1.1962  AAACC
     7      1    -7.2293788742   0.000724971022       0.6488  AAACG
     8     13    -4.5452486392   0.010617532453       9.5027  AAAGA
     9      3    -5.5270572580   0.003977677161       3.5600  AAAGG
    10      4    -6.5733634622   0.001397090440       1.2504  AAATA
    11      2    -6.7895862280   0.001125434351       1.0073  AACAA
    12      9    -5.3546715491   0.004726021509       4.2298  AAGAA
    13      2    -6.7384708887   0.001184456939       1.0601  AAGAG
    14      1   -10.1610097752   0.000038648222       0.0346  ACATC
    15      4    -5.5861127470   0.003749575119       3.3559  AGAAA
    16      1    -7.8052257781   0.000407599380       0.3648  AGAAC
    17      1    -8.3219828417   0.000243113331       0.2176  AGAAT
    18      1    -8.1829850450   0.000279366772       0.2500  AGACA
    19      1    -6.6296782703   0.001320587890       1.1819  AGGAA
    20      1    -8.2017804402   0.000274165001       0.2454  ATAAA
    21      1   -10.8281529538   0.000019833206       0.0178  ATAAT
    22      1   -10.0587485498   0.000042809584       0.0383  CAAAT
    23      3    -9.9209554047   0.000049134191       0.0440  CCAAA
    24      1    -7.9402194735   0.000356128309       0.3187  CCACT
    25      2    -6.6938388643   0.001238519128       1.1085  CCCAA
    26      5    -6.2098964433   0.002009445545       1.7985  CCCAC
    27      5    -5.8027246895   0.003019316827       2.7023  CCCCA
    28    184    -1.5012580021   0.222849638418     199.4504  CCCCC
    29      4    -7.4289808766   0.000593792351       0.5314  CCCCG
    30     24    -3.9269069738   0.019704525008      17.6355  CCCCT
    31     14    -4.1752467133   0.015371398858      13.7574  CCCTC
    32      3    -4.6163432319   0.009888891408       8.8506  CCCTT
    33      1    -8.0909066563   0.000306311912       0.2741  CCTAA
    34      2    -7.3198201918   0.000662281284       0.5927  CCTCA
    35      8    -5.0433777477   0.006451918518       5.7745  CCTCC
    36      3    -5.7558308805   0.003164276383       2.8320  CCTCT
    37      1    -9.3642069855   0.000085738638       0.0767  CCTGA
    38      1   -10.4050132093   0.000030280300       0.0271  CCTGG
    39      4    -5.8436724505   0.002898179637       2.5939  CCTTC
    40      1    -6.1044337838   0.002232945342       1.9985  CCTTT
    41      3    -7.5139558217   0.000545419234       0.4882  CTCCA
    42     11    -5.3006696589   0.004988252360       4.4645  CTCCC
    43      2    -5.9447682079   0.002619509460       2.3445  CTCCT
    44      1    -7.8750653985   0.000380104099       0.3402  CTCTA
    45      2    -6.0034370704   0.002470247155       2.2109  CTCTC
    46      1    -6.1898994586   0.002050032856       1.8348  CTCTT
    47      8    -6.0341782674   0.002395464150       2.1439  CTTCC
    48      1    -5.7848807084   0.003073677018       2.7509  CTTTT
    49      7    -5.7039240747   0.003332861367       2.9829  GAAAA
    50      1    -7.9007860491   0.000370452232       0.3316  GAAAC
    51      1    -8.4157514949   0.000221353078       0.1981  GAAAT
    52      1    -9.3818775511   0.000084236895       0.0754  GAACG
    53      1    -7.0080334509   0.000904585753       0.8096  GAAGA
    54      2    -6.4340483332   0.001605936292       1.4373  GAGAA
    55      1    -9.3158107124   0.000089990116       0.0805  GAGGC
    56      3    -6.2153877719   0.001998441261       1.7886  GGAAA
    57      5    -5.1744976633   0.005659058953       5.0649  GGGAA
    58      2    -5.3807637013   0.004604304274       4.1209  GGGAG
    59      1    -8.4978649818   0.000203903242       0.1825  GGGCG
    60     71    -2.7166899646   0.066093163464      59.1534  GGGGG
    61      1    -9.8485109329   0.000052825796       0.0473  TAAGA
    62      8    -5.4300532029   0.004382862616       3.9227  TCCCC
    63      4    -6.0506645223   0.002356295675       2.1089  TCCCT
    64      1    -7.9619377738   0.000348477193       0.3119  TCCTA
    65      1    -6.1040236206   0.002233861402       1.9993  TCCTC
    66      1    -6.3143204014   0.001810195549       1.6201  TCCTT
    67      1    -8.1524717899   0.000288022548       0.2578  TCTAC
    68      1    -7.7897072726   0.000413974048       0.3705  TCTCA
    69      2    -5.8933407273   0.002757748405       2.4682  TCTCC
    70      1    -6.0005541837   0.002477378873       2.2173  TCTTC
    71      3    -5.6335405186   0.003575892375       3.2004  TCTTT
    72      1    -8.5783382370   0.000188137357       0.1684  TTCAA
    73      3    -5.7509354374   0.003179804896       2.8459  TTCCC
    74      3    -5.8934471752   0.002757454865       2.4679  TTCCT
    75      3    -5.7687455923   0.003123673418       2.7957  TTCTC
    76      3    -5.3358410916   0.004815857831       4.3102  TTCTT
    77      1    -7.7166209083   0.000445362987       0.3986  TTTAA
    78      2    -7.1743747618   0.000765964479       0.6855  TTTAT
    79      1    -6.8888026991   0.001019133320       0.9121  TTTCA
    80     12    -4.5383791274   0.010690720815       9.5682  TTTCC
    81     10    -4.3867614089   0.012440955215      11.1347  TTTCT
    82      1    -6.7065797635   0.001222839380       1.0944  TTTTA
    83      9    -4.0937458418   0.016676648328      14.9256  TTTTC
    84      1    -8.4688536859   0.000209905383       0.1879  TTTTG
    85    156    -1.8120449099   0.163319820781     146.1712  TTTTT

11

     1    202    -1.4464390162   0.235407078112     210.6893  AAAAA
     2      4    -5.2755656122   0.005115062748       4.5780  AAAAC
     3     15    -4.3018794823   0.013543081096      12.1211  AAAAG
     4      1    -5.8923160378   0.002760575690       2.4707  AAAAT
     5      4    -5.5769684782   0.003784019486       3.3867  AAACA
     6      2    -7.4964880375   0.000555030197       0.4968  AAACC
     7      1    -6.8986521097   0.001009144729       0.9032  AAACG
     8     13    -4.4805454698   0.011327232806      10.1379  AAAGA
     9      3    -5.9669860486   0.002561951391       2.2929  AAAGG
    10      4    -6.2622922888   0.001906869687       1.7066  AAATA
    11      2    -6.9809259406   0.000929442196       0.8319  AACAA
    12      9    -5.4320346388   0.004374186852       3.9149  AAGAA
    13      2    -6.7210039866   0.001205327474       1.0788  AAGAG
    14      1   -10.2080105491   0.000036873753       0.0330  ACATC
    15      4    -5.6377649260   0.003560818211       3.1869  AGAAA
    16      1    -7.5161457610   0.000544226106       0.4871  AGAAC
    17      1    -7.9574339775   0.000350050203       0.3133  AGAAT
    18      1    -7.8161442532   0.000403173224       0.3608  AGACA
    19      1    -6.6365325795   0.001311567123       1.1739  AGGAA
    20      1    -8.5942472906   0.000185167953       0.1657  ATAAA
    21      1   -10.4970549866   0.000027617664       0.0247  ATAAT
    22      1    -9.7912789983   0.000055937308       0.0501  CAAAT
    23      3   -10.5330973212   0.000026639984       0.0238  CCAAA
    24      1    -8.0441907429   0.000320961062       0.2873  CCACT
    25      2    -7.8940494758   0.000372956236       0.3338  CCCAA
    26      5    -5.9826628712   0.002522101311       2.2573  CCCAC
    27      5    -5.6742406519   0.003433275038       3.0728  CCCCA
    28    184    -1.5004546948   0.223028727089     199.6107  CCCCC
    29      4    -7.3001202095   0.000675457574       0.6045  CCCCG
    30     24    -3.8838142400   0.020572208007      18.4121  CCCCT
    31     14    -4.0997974218   0.016576033004      14.8355  CCCTC
    32      3    -4.9199839903   0.007299247705       6.5328  CCCTT
    33      1    -8.8254071729   0.000146951615       0.1315  CCTAA
    34      2    -7.0769373957   0.000844355118       0.7557  CCTCA
    35      8    -5.1660153428   0.005707265066       5.1080  CCTCC
    36      3    -5.7581932869   0.003156809899       2.8253  CCTCT
    37      1   -10.1872314658   0.000037647972       0.0337  CCTGA
    38      1   -11.4542761897   0.000010604033       0.0095  CCTGG
    39      4    -5.8247556172   0.002953525855       2.6434  CCTTC
    40      1    -6.1634929951   0.002104888052       1.8839  CCTTT
    41      3    -7.2527594912   0.000708217370       0.6339  CTCCA
    42     11    -5.4053129523   0.004492648197       4.0209  CTCCC
    43      2    -5.9032006010   0.002730690965       2.4440  CTCCT
    44      1    -7.5488288108   0.000526726663       0.4714  CTCTA
    45      2    -5.9652806708   0.002566324214       2.2969  CTCTC
    46      1    -6.2099405359   0.002009356945       1.7984  CTCTT
    47      8    -6.0493329658   0.002359435306       2.1117  CTTCC
    48      1    -5.9126408765   0.002705033786       2.4210  CTTTT
    49      7    -5.7307280184   0.003244714162       2.9040  GAAAA
    50      1    -7.5901278424   0.000505416436       0.4523  GAAAC
    51      1    -8.0287942070   0.000325940989       0.2917  GAAAT
    52      1    -8.9631500980   0.000128042272       0.1146  GAACG
    53      1    -6.9617721015   0.000947416168       0.8479  GAAGA
    54      2    -6.4329020397   0.001607778221       1.4390  GAGAA
    55      1    -9.1297996556   0.000108387298       0.0970  GAGGC
    56      3    -6.2442363026   0.001941612816       1.7377  GGAAA
    57      5    -5.4237510077   0.004410571493       3.9475  GGGAA
    58      2    -5.2291477634   0.005358089717       4.7955  GGGAG
    59      1    -8.5179022677   0.000199858235       0.1789  GGGCG
    60     71    -2.7159198168   0.066144084576      59.1990  GGGGG
    61      1   -10.0451278463   0.000043396670       0.0388  TAAGA
    62      8    -5.5050636930   0.004066129589       3.6392  TCCCC
    63      4    -6.0197286833   0.002430328894       2.1751  TCCCT
    64      1    -7.6237521268   0.000488704705       0.4374  TCCTA
    65      1    -6.0618679074   0.002330044513       2.0854  TCCTC
    66      1    -6.3500571115   0.001746647380       1.5632  TCCTT
    67      1    -7.8151403188   0.000403578186       0.3612  TCTAC
    68      1    -7.5120109270   0.000546481050       0.4891  TCTCA
    69      2    -5.9009457294   0.002736855270       2.4495  TCTCC
    70      1    -5.9734774967   0.002545374479       2.2781  TCTTC
    71      3    -5.7972467945   0.003035901711       2.7171  TCTTT
    72      1    -9.1965928498   0.000101384245       0.0907  TTCAA
    73      3    -5.7917622776   0.003052597909       2.7321  TTCCC
    74      3    -5.8733713609   0.002813372434       2.5180  TTCCT
    75      3    -5.7793763885   0.003090642167       2.7661  TTCTC
    76      3    -5.5043614111   0.004068986161       3.6417  TTCTT
    77      1    -8.7653746794   0.000156043666       0.1397  TTTAA
    78      2    -7.0367097535   0.000879013982       0.7867  TTTAT
    79      1    -6.8130509554   0.001099333760       0.9839  TTTCA
    80     12    -4.7945376263   0.008274824004       7.4060  TTTCC
    81     10    -4.2878836500   0.013733960430      12.2919  TTTCT
    82      1    -6.6494457962   0.001294739456       1.1588  TTTTA
    83      9    -4.0378920507   0.017634606119      15.7830  TTTTC
    84      1    -8.2941504133   0.000249974808       0.2237  TTTTG
    85    156    -1.8094968027   0.163736507850     146.5442  TTTTT

12

     1    202    -1.4464693891   0.235399928210     210.6829  AAAAA
     2      4    -5.2730153814   0.005128123986       4.5897  AAAAC
     3     15    -4.3021954166   0.013538803048      12.1172  AAAAG
     4      1    -5.8899614621   0.002767083333       2.4765  AAAAT
     5      4    -5.5769718532   0.003784006715       3.3867  AAACA
     6      2    -7.4928427030   0.000557057160       0.4986  AAACC
     7      1    -6.8985290734   0.001009268898       0.9033  AAACG
     8     13    -4.4822934588   0.011307450222      10.1202  AAAGA
     9      3    -5.9680941995   0.002559113935       2.2904  AAAGG
    10      4    -6.2631952744   0.001905148588       1.7051  AAATA
    11      2    -6.9809050289   0.000929461633       0.8319  AACAA
    12      9    -5.4339888583   0.004365647078       3.9073  AAGAA
    13      2    -6.7221462058   0.001203951511       1.0775  AAGAG
    14      1   -10.1946824569   0.000037368500       0.0334  ACATC
    15      4    -5.6328464353   0.003578375204       3.2026  AGAAA
    16      1    -7.5083490120   0.000548485885       0.4909  AGAAC
    17      1    -7.9489786306   0.000353022547       0.3160  AGAAT
    18      1    -7.8156825880   0.000403359398       0.3610  AGACA
    19      1    -6.6377290313   0.001309998835       1.1724  AGGAA
    20      1    -8.5608971612   0.000191447457       0.1713  ATAAA
    21      1   -10.6816693980   0.000022962011       0.0206  ATAAT
    22      1    -9.7857755437   0.000056246005       0.0503  CAAAT
    23      3   -10.5187310315   0.000027025464       0.0242  CCAAA
    24      1    -8.0440829445   0.000320995663       0.2873  CCACT
    25      2    -7.8909775134   0.000374103705       0.3348  CCCAA
    26      5    -5.9831035399   0.002520990145       2.2563  CCCAC
    27      5    -5.6720696328   0.003440736840       3.0795  CCCCA
    28    184    -1.5005528874   0.223006828389     199.5911  CCCCC
    29      4    -7.2983553930   0.000676650685       0.6056  CCCCG
    30     24    -3.8835133626   0.020578398649      18.4177  CCCCT
    31     14    -4.1012409184   0.016552122818      14.8141  CCCTC
    32      3    -4.9205503552   0.007295114837       6.5291  CCCTT
    33      1    -8.8221043622   0.000147437771       0.1320  CCTAA
    34      2    -7.0751408518   0.000845873403       0.7571  CCTCA
    35      8    -5.1672816178   0.005700042672       5.1015  CCTCC
    36      3    -5.7585512298   0.003155680144       2.8243  CCTCT
    37      1   -10.1842751756   0.000037759435       0.0338  CCTGA
    38      1   -11.4510125402   0.000010638697       0.0095  CCTGG
    39      4    -5.8262202023   0.002949203331       2.6395  CCTTC
    40      1    -6.1635098500   0.002104852575       1.8838  CCTTT
    41      3    -7.2448375563   0.000713850104       0.6389  CTCCA
    42     11    -5.3969668550   0.004530301185       4.0546  CTCCC
    43      2    -5.9184100117   0.002689473010       2.4071  CTCCT
    44      1    -7.5412719246   0.000530722154       0.4750  CTCTA
    45      2    -5.9608095950   0.002577824133       2.3072  CTCTC
    46      1    -6.2092598962   0.002010725059       1.7996  CTCTT
    47      8    -6.0488337192   0.002360613540       2.1127  CTTCC
    48      1    -5.9132801292   0.002703305139       2.4195  CTTTT
    49      7    -5.7318660454   0.003241023690       2.9007  GAAAA
    50      1    -7.5894372910   0.000505765573       0.4527  GAAAC
    51      1    -8.0282528859   0.000326117476       0.2919  GAAAT
    52      1    -8.9621077044   0.000128175812       0.1147  GAACG
    53      1    -6.9642381830   0.000945082641       0.8458  GAAGA
    54      2    -6.4322464382   0.001608832629       1.4399  GAGAA
    55      1    -9.1364069776   0.000107673509       0.0964  GAGGC
    56      3    -6.2463525482   0.001937508232       1.7341  GGAAA
    57      5    -5.4247673943   0.004406090924       3.9435  GGGAA
    58      2    -5.2311070314   0.005347602061       4.7861  GGGAG
    59      1    -8.5193327995   0.000199572536       0.1786  GGGCG
    60     71    -2.7157186453   0.066157392220      59.2109  GGGGG
    61      1   -10.0466093237   0.000043332426       0.0388  TAAGA
    62      8    -5.5053638649   0.004064909234       3.6381  TCCCC
    63      4    -6.0189143782   0.002432308730       2.1769  TCCCT
    64      1    -7.6220509388   0.000489536791       0.4381  TCCTA
    65      1    -6.0628475976   0.002327762909       2.0833  TCCTC
    66      1    -6.3485431975   0.001749293656       1.5656  TCCTT
    67      1    -7.8125843354   0.000404611045       0.3621  TCTAC
    68      1    -7.5108894753   0.000547094245       0.4896  TCTCA
    69      2    -5.8999433582   0.002739599990       2.4519  TCTCC
    70      1    -5.9878884608   0.002508956220       2.2455  TCTTC
    71      3    -5.7847881324   0.003073961580       2.7512  TCTTT
    72      1    -9.1925430531   0.000101795663       0.0911  TTCAA
    73      3    -5.7924223403   0.003050583668       2.7303  TTCCC
    74      3    -5.8751523665   0.002808366261       2.5135  TTCCT
    75      3    -5.7799317014   0.003088926370       2.7646  TTCTC
    76      3    -5.5058297407   0.004063015932       3.6364  TTCTT
    77      1    -8.7628383333   0.000156439949       0.1400  TTTAA
    78      2    -7.0382872306   0.000877628451       0.7855  TTTAT
    79      1    -6.8115654736   0.001100968014       0.9854  TTTCA
    80     12    -4.7950815464   0.008270324385       7.4019  TTTCC
    81     10    -4.2893863687   0.013713337649      12.2734  TTTCT
    82      1    -6.6480263113   0.001296578624       1.1604  TTTTA
    83      9    -4.0373578880   0.017644028385      15.7914  TTTTC
    84      1    -8.2924324549   0.000250404623       0.2241  TTTTG
    85    156    -1.8095456893   0.163728503515     146.5370  TTTTT

13

     1    202    -1.4409263689   0.236708377806     211.8540  AAAAA
     2      4    -5.4196822900   0.004428553420       3.9636  AAAAC
     3     15    -4.3398530664   0.013038443848      11.6694  AAAAG
     4      1    -6.0843451710   0.002278255704       2.0390  AAAAT
     5      4    -5.8182204374   0.002972890886       2.6607  AAACA
     6      2    -6.6013128312   0.001358583276       1.2159  AAACC
     7      1    -7.2293220857   0.000725012193       0.6489  AAACG
     8     13    -4.5490553730   0.010577191166       9.4666  AAAGA
     9      3    -5.5238970544   0.003990267314       3.5713  AAAGG
    10      4    -6.5748230173   0.001395052797       1.2486  AAATA
    11      2    -6.7819292880   0.001134084810       1.0150  AACAA
    12      9    -5.3570711699   0.004714694445       4.2197  AAGAA
    13      2    -6.7403181331   0.001182270977       1.0581  AAGAG
    14      1   -10.5440978804   0.000026348535       0.0236  ACATC
    15      4    -5.5746940733   0.003792635673       3.3944  AGAAA
    16      1    -7.7972035494   0.000410882386       0.3677  AGAAC
    17      1    -8.3152110110   0.000244765240       0.2191  AGAAT
    18      1    -8.1776240796   0.000280868469       0.2514  AGACA
    19      1    -6.6255978480   0.001325987455       1.1868  AGGAA
    20      1    -8.1457956734   0.000289951853       0.2595  ATAAA
    21      1   -10.8027382024   0.000020343722       0.0182  ATAAT
    22      1   -10.0423583827   0.000043517022       0.0389  CAAAT
    23      3    -9.8870796949   0.000050827160       0.0455  CCAAA
    24      1    -7.9330990624   0.000358673138       0.3210  CCACT
    25      2    -6.6769940751   0.001259558426       1.1273  CCCAA
    26      5    -6.2069700611   0.002015334563       1.8037  CCCAC
    27      5    -5.7968895052   0.003036986600       2.7181  CCCCA
    28    184    -1.5013981942   0.222818398861     199.4225  CCCCC
    29      4    -7.4319911254   0.000592007576       0.5298  CCCCG
    30     24    -3.9283406593   0.019676295156      17.6103  CCCCT
    31     14    -4.1785242301   0.015321101312      13.7124  CCCTC
    32      3    -4.6143130909   0.009908987643       8.8685  CCCTT
    33      1    -8.0794318682   0.000309847019       0.2773  CCTAA
    34      2    -7.3164077989   0.000664545108       0.5948  CCTCA
    35      8    -5.0443577138   0.006445598954       5.7688  CCTCC
    36      3    -5.7572929076   0.003159653505       2.8279  CCTCT
    37      1    -9.3557881435   0.000086463505       0.0774  CCTGA
    38      1   -10.3962963848   0.000030545402       0.0273  CCTGG
    39      4    -5.8449767607   0.002894401976       2.5905  CCTTC
    40      1    -6.1024248284   0.002237435739       2.0025  CCTTT
    41      3    -7.5044383640   0.000550635020       0.4928  CTCCA
    42     11    -5.2832383410   0.005075966438       4.5430  CTCCC
    43      2    -5.9474178916   0.002612577776       2.3383  CTCCT
    44      1    -7.8772428179   0.000379277353       0.3395  CTCTA
    45      2    -6.0163960675   0.002438441758       2.1824  CTCTC
    46      1    -6.2464894816   0.001937242940       1.7338  CTCTT
    47      8    -6.0299783021   0.002405546173       2.1530  CTTCC
    48      1    -5.7822125515   0.003081889021       2.7583  CTTTT
    49      7    -5.7044870740   0.003330985496       2.9812  GAAAA
    50      1    -7.8985533906   0.000371280250       0.3323  GAAAC
    51      1    -8.4151015816   0.000221496985       0.1982  GAAAT
    52      1    -9.3815108008   0.000084267794       0.0754  GAACG
    53      1    -7.0036392843   0.000908569399       0.8132  GAAGA
    54      2    -6.4771751484   0.001538149592       1.3766  GAGAA
    55      1    -9.3071996188   0.000090768376       0.0812  GAGGC
    56      3    -6.2158955982   0.001997426657       1.7877  GGAAA
    57      5    -5.1725284098   0.005670214054       5.0748  GGGAA
    58      2    -5.3843103390   0.004588003398       4.1063  GGGAG
    59      1    -8.5050237383   0.000202448760       0.1812  GGGCG
    60     71    -2.7164256757   0.066110633467      59.1690  GGGGG
    61      1    -9.8401629597   0.000053268630       0.0477  TAAGA
    62      8    -5.4287758288   0.004388464748       3.9277  TCCCC
    63      4    -6.0498574721   0.002358198091       2.1106  TCCCT
    64      1    -7.9565240029   0.000350368884       0.3136  TCCTA
    65      1    -6.1019716568   0.002238449911       2.0034  TCCTC
    66      1    -6.3077783329   0.001822076794       1.6308  TCCTT
    67      1    -8.1635806557   0.000284840650       0.2549  TCTAC
    68      1    -7.7988443379   0.000410208768       0.3671  TCTCA
    69      2    -5.9365784811   0.002641050614       2.3637  TCTCC
    70      1    -5.9967911948   0.002486718784       2.2256  TCTTC
    71      3    -5.6079096878   0.003668730139       3.2835  TCTTT
    72      1    -8.5622566770   0.000191187358       0.1711  TTCAA
    73      3    -5.7504674622   0.003181293315       2.8473  TTCCC
    74      3    -5.8951640918   0.002752724607       2.4637  TTCCT
    75      3    -5.7700637714   0.003119558569       2.7920  TTCTC
    76      3    -5.3359091100   0.004815530275       4.3099  TTCTT
    77      1    -7.7020922883   0.000451880728       0.4044  TTTAA
    78      2    -7.1733832264   0.000766724336       0.6862  TTTAT
    79      1    -6.8840195773   0.001024019635       0.9165  TTTCA
    80     12    -4.5365103206   0.010710718385       9.5861  TTTCC
    81     10    -4.3898799454   0.012402218075      11.1000  TTTCT
    82      1    -6.7020703061   0.001228366174       1.0994  TTTTA
    83      9    -4.0947250974   0.016660325621      14.9110  TTTTC
    84      1    -8.4696523796   0.000209737800       0.1877  TTTTG
    85    156    -1.8120154859   0.163324626373     146.1755  TTTTT

14

     1    202    -1.4466352321   0.235360892030     210.6480  AAAAA
     2      4    -5.2836976477   0.005073635548       4.5409  AAAAC
     3     15    -4.3052707436   0.013497230758      12.0800  AAAAG
     4      1    -5.8859298129   0.002778261760       2.4865  AAAAT
     5      4    -5.5723122789   0.003801679718       3.4025  AAACA
     6      2    -7.4876708242   0.000559945655       0.5012  AAACC
     7      1    -6.8901609733   0.001017749997       0.9109  AAACG
     8     13    -4.4770704215   0.011366663960      10.1732  AAAGA
     9      3    -5.9657739004   0.002565058739       2.2957  AAAGG
    10      4    -6.2367421282   0.001956218261       1.7508  AAATA
    11      2    -7.1408523472   0.000792076684       0.7089  AACAA
    12      9    -5.4595175699   0.004255608283       3.8088  AAGAA
    13      2    -6.5642789943   0.001409840087       1.2618  AAGAG
    14      1   -11.0471118883   0.000015933099       0.0143  ACATC
    15      4    -5.6326674619   0.003579015695       3.2032  AGAAA
    16      1    -7.5047773871   0.000550448374       0.4927  AGAAC
    17      1    -7.9352816085   0.000357891171       0.3203  AGAAT
    18      1    -7.8041799720   0.000408025873       0.3652  AGACA
    19      1    -6.6454782289   0.001299886626       1.1634  AGGAA
    20      1    -8.4730062707   0.000209035540       0.1871  ATAAA
    21      1   -10.6587381343   0.000023494643       0.0210  ATAAT
    22      1    -9.8110600411   0.000054841682       0.0491  CAAAT
    23      3   -10.1249618805   0.000040066825       0.0359  CCAAA
    24      1    -8.1943183142   0.000276218507       0.2472  CCACT
    25      2    -7.8874288154   0.000375433644       0.3360  CCCAA
    26      5    -5.9790182891   0.002531310088       2.2655  CCCAC
    27      5    -5.6842542564   0.003399067137       3.0422  CCCCA
    28    184    -1.5004484689   0.223030115637     199.6120  CCCCC
    29      4    -7.3075033748   0.000670488924       0.6001  CCCCG
    30     24    -3.8865713813   0.020515565643      18.3614  CCCCT
    31     14    -4.0941326502   0.016670198907      14.9198  CCCTC
    32      3    -4.9159896526   0.007328461671       6.5590  CCCTT
    33      1    -8.8179492720   0.000148051663       0.1325  CCTAA
    34      2    -7.0887257226   0.000834460022       0.7468  CCTCA
    35      8    -5.2068917506   0.005478676342       4.9034  CCTCC
    36      3    -5.6482196735   0.003523784681       3.1538  CCTCT
    37      1   -10.1738765385   0.000038154130       0.0341  CCTGA
    38      1   -11.4454491883   0.000010698049       0.0096  CCTGG
    39      4    -5.8269232246   0.002947130704       2.6377  CCTTC
    40      1    -6.1170642109   0.002204919649       1.9734  CCTTT
    41      3    -7.2417331089   0.000716069657       0.6409  CTCCA
    42     11    -5.3886132265   0.004568304148       4.0886  CTCCC
    43      2    -5.9360575223   0.002642426851       2.3650  CTCCT
    44      1    -7.5442393538   0.000529149608       0.4736  CTCTA
    45      2    -5.9813713995   0.002525360638       2.2602  CTCTC
    46      1    -6.2987424023   0.001838615562       1.6456  CTCTT
    47      8    -6.0548137607   0.002346539098       2.1002  CTTCC
    48      1    -5.9302353905   0.002657856281       2.3788  CTTTT
    49      7    -5.7424808655   0.003206802752       2.8701  GAAAA
    50      1    -7.5903087425   0.000505325015       0.4523  GAAAC
    51      1    -8.0194706643   0.000328994125       0.2944  GAAAT
    52      1    -8.9632598133   0.000128028225       0.1146  GAACG
    53      1    -6.9591030501   0.000949948249       0.8502  GAAGA
    54      2    -6.5015359764   0.001501131718       1.3435  GAGAA
    55      1    -9.1651251196   0.000104625304       0.0936  GAGGC
    56      3    -6.2067803136   0.002015717004       1.8041  GGAAA
    57      5    -5.4208615821   0.004423333940       3.9589  GGGAA
    58      2    -5.2232101407   0.005389998671       4.8240  GGGAG
    59      1    -8.5155172573   0.000200335468       0.1793  GGGCG
    60     71    -2.7156578493   0.066161414447      59.2145  GGGGG
    61      1   -10.0360779326   0.000043791189       0.0392  TAAGA
    62      8    -5.5159057326   0.004022282576       3.5999  TCCCC
    63      4    -6.0275280893   0.002411447500       2.1582  TCCCT
    64      1    -7.6179099671   0.000491568152       0.4400  TCCTA
    65      1    -6.0599310653   0.002334561814       2.0894  TCCTC
    66      1    -6.3559517440   0.001736381821       1.5541  TCCTT
    67      1    -7.8239458920   0.000400040050       0.3580  TCTAC
    68      1    -7.5391165696   0.000531867282       0.4760  TCTCA
    69      2    -5.9676207939   0.002560325721       2.2915  TCTCC
    70      1    -5.9988111083   0.002481700897       2.2211  TCTTC
    71      3    -5.7704853938   0.003118243571       2.7908  TCTTT
    72      1    -9.1323258924   0.000108113831       0.0968  TTCAA
    73      3    -5.7543823796   0.003168863161       2.8361  TTCCC
    74      3    -5.8895065231   0.002768342473       2.4777  TTCCT
    75      3    -5.6805740313   0.003411599516       3.0534  TTCTC
    76      3    -5.5730256457   0.003798968693       3.4001  TTCTT
    77      1    -8.7378848026   0.000160392792       0.1436  TTTAA
    78      2    -7.0150469446   0.000898263642       0.8039  TTTAT
    79      1    -6.8042347409   0.001109068571       0.9926  TTTCA
    80     12    -4.7916799932   0.008298504234       7.4272  TTTCC
    81     10    -4.2838264776   0.013789794663      12.3419  TTTCT
    82      1    -6.6430550098   0.001303040356       1.1662  TTTTA
    83      9    -4.0433805898   0.017538083022      15.6966  TTTTC
    84      1    -8.2882134939   0.000251463302       0.2251  TTTTG
    85    156    -1.8099677431   0.163659415862     146.4752  TTTTT

15

     1    202    -1.4466570243   0.235355763053     210.6434  AAAAA
     2      4    -5.2847908830   0.005068091902       4.5359  AAAAC
     3     15    -4.2912395539   0.013687947829      12.2507  AAAAG
     4      1    -5.8718580159   0.002817633260       2.5218  AAAAT
     5      4    -5.6077449532   0.003669334556       3.2841  AAACA
     6      2    -7.5112300229   0.000546907966       0.4895  AAACC
     7      1    -6.9164940831   0.000991299268       0.8872  AAACG
     8     13    -4.4779636956   0.011356514947      10.1641  AAAGA
     9      3    -5.9563541680   0.002589335065       2.3175  AAAGG
    10      4    -6.2623666551   0.001906727885       1.7065  AAATA
    11      2    -7.1883136469   0.000755361854       0.6760  AACAA
    12      9    -5.4566819501   0.004267692696       3.8196  AAGAA
    13      2    -6.7132343239   0.001214728937       1.0872  AAGAG
    14      1   -10.9522530188   0.000017518501       0.0157  ACATC
    15      4    -5.6417878918   0.003546521937       3.1741  AGAAA
    16      1    -7.5083287558   0.000548496996       0.4909  AGAAC
    17      1    -7.9322442154   0.000358979880       0.3213  AGAAT
    18      1    -7.8079858494   0.000406475928       0.3638  AGACA
    19      1    -6.6480579230   0.001296537638       1.1604  AGGAA
    20      1    -8.5912746687   0.000185719206       0.1662  ATAAA
    21      1   -10.1858767743   0.000037699008       0.0337  ATAAT
    22      1    -9.8080103379   0.000055009188       0.0492  CAAAT
    23      3   -10.0192518705   0.000044534256       0.0399  CCAAA
    24      1    -8.2309936412   0.000266271620       0.2383  CCACT
    25      2    -7.9099988338   0.000367055009       0.3285  CCCAA
    26      5    -6.0154908641   0.002440650043       2.1844  CCCAC
    27      5    -5.6854976564   0.003394843364       3.0384  CCCCA
    28    184    -1.4994890832   0.223244190225     199.8036  CCCCC
    29      4    -7.2851190915   0.000685666574       0.6137  CCCCG
    30     24    -3.8755802595   0.020742298465      18.5644  CCCCT
    31     14    -4.1026704132   0.016528478549      14.7930  CCCTC
    32      3    -4.9117973574   0.007359249237       6.5865  CCCTT
    33      1    -8.8346363306   0.000145601615       0.1303  CCTAA
    34      2    -7.0607595706   0.000858126039       0.7680  CCTCA
    35      8    -5.2170941317   0.005423064965       4.8536  CCTCC
    36      3    -5.7663558567   0.003131147098       2.8024  CCTCT
    37      1   -10.1925889122   0.000037446814       0.0335  CCTGA
    38      1   -11.4473592532   0.000010677634       0.0096  CCTGG
    39      4    -5.6754006384   0.003429294794       3.0692  CCTTC
    40      1    -6.0886665755   0.002268431681       2.0302  CCTTT
    41      3    -7.2517574125   0.000708927416       0.6345  CTCCA
    42     11    -5.4185831763   0.004433423580       3.9679  CTCCC
    43      2    -5.8831849174   0.002785898274       2.4934  CTCCT
    44      1    -7.5542196825   0.000523894787       0.4689  CTCTA
    45      2    -5.9992056934   0.002480721848       2.2202  CTCTC
    46      1    -6.2879908946   0.001858490101       1.6633  CTCTT
    47      8    -6.0624303339   0.002328734403       2.0842  CTTCC
    48      1    -5.9462675988   0.002615584734       2.3409  CTTTT
    49      7    -5.7378357136   0.003221733489       2.8835  GAAAA
    50      1    -7.5798266626   0.000510649730       0.4570  GAAAC
    51      1    -8.0008304020   0.000335184175       0.3000  GAAAT
    52      1    -8.9598947220   0.000128459777       0.1150  GAACG
    53      1    -6.9682114791   0.000941334999       0.8425  GAAGA
    54      2    -6.4897676937   0.001518901818       1.3594  GAGAA
    55      1    -9.1186008992   0.000109607923       0.0981  GAGGC
    56      3    -6.1702155201   0.002090785346       1.8713  GGAAA
    57      5    -5.4173544732   0.004438874289       3.9728  GGGAA
    58      2    -5.2404436466   0.005297905916       4.7416  GGGAG
    59      1    -8.5508322410   0.000193384090       0.1731  GGGCG
    60     71    -2.7175106487   0.066038944111      59.1049  GGGGG
    61      1   -10.0569239072   0.000042887768       0.0384  TAAGA
    62      8    -5.5250652106   0.003985608780       3.5671  TCCCC
    63      4    -6.0230774920   0.002422203800       2.1679  TCCCT
    64      1    -7.6204683996   0.000490312115       0.4388  TCCTA
    65      1    -6.0736851881   0.002302671777       2.0609  TCCTC
    66      1    -6.3666066461   0.001717979057       1.5376  TCCTT
    67      1    -7.8495603637   0.000389923355       0.3490  TCTAC
    68      1    -7.5157367786   0.000544448731       0.4873  TCTCA
    69      2    -5.9602603178   0.002579240462       2.3084  TCTCC
    70      1    -5.9516841202   0.002601455663       2.3283  TCTTC
    71      3    -5.8196748158   0.002968570320       2.6569  TCTTT
    72      1    -9.1239987495   0.000109017869       0.0976  TTCAA
    73      3    -5.7267965970   0.003257495609       2.9155  TTCCC
    74      3    -5.7367650762   0.003225184645       2.8865  TTCCT
    75      3    -5.8069246315   0.003006662464       2.6910  TTCTC
    76      3    -5.5910422678   0.003731136994       3.3394  TTCTT
    77      1    -8.7459075481   0.000159111149       0.1424  TTTAA
    78      2    -7.0378136269   0.000878044197       0.7858  TTTAT
    79      1    -6.7973758831   0.001116701662       0.9994  TTTCA
    80     12    -4.7892502872   0.008318691675       7.4452  TTTCC
    81     10    -4.2972033824   0.013606558193      12.1779  TTTCT
    82      1    -6.6345219378   0.001314206868       1.1762  TTTTA
    83      9    -4.0328747229   0.017723307055      15.8624  TTTTC
    84      1    -8.2640455549   0.000257614686       0.2306  TTTTG
    85    156    -1.8095187643   0.163732911961     146.5410  TTTTT